99744 4.488
99707 4.488
99613 4.488
99612 4.488
99579 4.488
99549 4.488
99517 4.488
99394 4.488
99275 4.488
99028 4.488
99007 4.488
98871 4.488
9882 4.488
98749 4.488
98657 4.488
98528 4.488
98477 4.488
98409 4.488
983 4.488
98304 4.488
98187 4.488
97919 4.488
97917 4.488
97869 4.488
97823 4.488
97725 4.488
9748 4.488
9744 4.488
97410 4.488
97326 4.488
97312 4.488
97233 4.488
97208 4.488
97084 4.488
97071 4.488
97049 4.488
9704 4.488
96965 4.488
96883 4.488
96744 4.488
96654 4.488
96513 4.488
96478 4.488
95959 4.488
95940 4.488
95844 4.488
95804 4.488
95769 4.488
95695 4.488
95405 4.488
952 4.488
95192 4.488
95160 4.488
94971 4.488
94961 4.488
94816 4.488
