98657 4.848
95861 4.848
94626 4.848
92635 4.848
90824 4.848
89908 4.848
89690 4.848
84117 4.848
83139 4.848
80322 4.848
79880 4.848
79765 4.848
77026 4.848
75583 4.848
74561 4.848
74201 4.848
7334 4.848
73140 4.848
72246 4.848
71218 4.848
69234 4.848
67571 4.848
67361 4.848
67339 4.848
66004 4.848
6567 4.848
64924 4.848
633 4.848
63230 4.848
62388 4.848
61959 4.848
61887 4.848
60948 4.848
60475 4.848
60364 4.848
58630 4.848
563 4.848
5559 4.848
54564 4.848
54101 4.848
53814 4.848
51823 4.848
51818 4.848
48927 4.848
48824 4.848
4825 4.848
4615 4.848
46116 4.848
44328 4.848
44174 4.848
40770 4.848
3979 4.848
38500 4.848
33288 4.848
33114 4.848
30031 4.848
28878 4.848
2743 4.848
27386 4.848
26944 4.848
26400 4.848
261167 4.848
260978 4.848
260725 4.848
254139 4.848
254123 4.848
253567 4.848
253425 4.848
252642 4.848
252508 4.848
251688 4.848
251022 4.848
250919 4.848
249079 4.848
248061 4.848
247049 4.848
