97326 2.611
97084 2.611
95804 2.611
952 2.611
89806 2.611
85873 2.611
83211 2.611
78341 2.611
76661 2.611
71765 2.611
53426 2.611
41012 2.611
38416 2.611
34680 2.611
28277 2.611
27848 2.611
258203 2.611
24979 2.611
241521 2.611
236489 2.611
230322 2.611
226111 2.611
220365 2.611
214281 2.611
213633 2.611
212604 2.611
209803 2.611
188557 2.611
18535 2.611
184658 2.611
172737 2.611
172411 2.611
171168 2.611
169824 2.611
16086 2.611
158634 2.611
155671 2.611
14873 2.611
144278 2.611
136777 2.611
136096 2.611
135335 2.611
