99727 3.803
99670 3.803
9964 3.803
99624 3.803
99565 3.803
9953 3.803
99519 3.803
99508 3.803
99503 3.803
99497 3.803
99488 3.803
99419 3.803
99137 3.803
98976 3.803
98896 3.803
98882 3.803
98876 3.803
98871 3.803
98685 3.803
98656 3.803
98631 3.803
98604 3.803
98547 3.803
98353 3.803
98306 3.803
98251 3.803
98087 3.803
98029 3.803
9794 3.803
97914 3.803
97840 3.803
97814 3.803
97744 3.803
97657 3.803
97633 3.803
97618 3.803
97588 3.803
97331 3.803
97274 3.803
97218 3.803
97095 3.803
96776 3.803
96560 3.803
96425 3.803
96396 3.803
96371 3.803
96355 3.803
