99806 4.502
99750 4.502
997 4.502
99633 4.502
99612 4.502
99549 4.502
99547 4.502
99394 4.502
99349 4.502
99252 4.502
99028 4.502
99018 4.502
98689 4.502
98657 4.502
98525 4.502
98502 4.502
98477 4.502
98415 4.502
98391 4.502
98384 4.502
98383 4.502
98359 4.502
9825 4.502
98241 4.502
98106 4.502
98048 4.502
97919 4.502
97890 4.502
97869 4.502
97773 4.502
97699 4.502
9745 4.502
97446 4.502
97410 4.502
97320 4.502
97317 4.502
97279 4.502
97229 4.502
97224 4.502
97208 4.502
97162 4.502
9704 4.502
96974 4.502
96856 4.502
96734 4.502
96693 4.502
96677 4.502
96524 4.502
96483 4.502
96478 4.502
9643 4.502
96425 4.502
96397 4.502
96370 4.502
96362 4.502
96118 4.502
95991 4.502
