96430 7.244
95959 7.244
95430 7.244
93859 7.244
9082 7.244
90031 7.244
88470 7.244
86178 7.244
83336 7.244
83211 7.244
81790 7.244
75926 7.244
74344 7.244
72638 7.244
72552 7.244
70602 7.244
68012 7.244
60813 7.244
55680 7.244
4607 7.244
4571 7.244
4568 7.244
44490 7.244
42944 7.244
41772 7.244
4121 7.244
40292 7.244
39382 7.244
38119 7.244
30335 7.244
29006 7.244
260876 7.244
260650 7.244
259979 7.244
258049 7.244
257526 7.244
256217 7.244
25322 7.244
252995 7.244
252371 7.244
251106 7.244
249524 7.244
244494 7.244
242676 7.244
239758 7.244
238061 7.244
234260 7.244
232807 7.244
231004 7.244
228132 7.244
224818 7.244
222962 7.244
222534 7.244
221723 7.244
20860 7.244
203506 7.244
202183 7.244
201615 7.244
200516 7.244
19965 7.244
199063 7.244
19844 7.244
196596 7.244
194040 7.244
191333 7.244
1908 7.244
189744 7.244
188322 7.244
183250 7.244
183155 7.244
183143 7.244
182378 7.244
182123 7.244
181439 7.244
18111 7.244
17806 7.244
177175 7.244
172317 7.244
164843 7.244
16405 7.244
163393 7.244
1633 7.244
162074 7.244
160455 7.244
15885 7.244
154224 7.244
151357 7.244
150965 7.244
1499 7.244
148250 7.244
147250 7.244
145000 7.244
14361 7.244
143266 7.244
142395 7.244
140592 7.244
